0,0.000000
1,0.039700
2,0.154072
3,0.545073
4,1.288978
5,0.171519
6,0.597820
7,1.319114
8,0.056272
9,0.215587
10,0.722914
11,1.323842
12,0.037695
13,0.146518
14,0.521671
15,1.270262
16,0.240352
17,0.788101
18,1.289094
19,0.171085
20,0.596529
21,1.318576
22,0.058378
23,0.223287
24,0.743576
25,1.315588
26,0.070035
27,0.265426
28,0.850352
29,1.232112
30,0.374147
31,1.076629
32,0.829125
33,1.254155
34,0.297907
35,0.925382
36,1.132533
37,0.682238
38,1.332606
39,0.002908
40,0.011607
41,0.046025
42,0.177745
43,0.616200
44,1.325693
45,0.030387
46,0.118778
47,0.432788
48,1.169235
49,0.575608
50,1.308458
51,0.097645
52,0.361976
53,1.054824
54,0.881335
55,1.195086
56,0.495653
57,1.245597
58,0.327854
59,0.988951
60,1.021732
61,0.955118
62,1.083720
63,0.811532
64,1.270375
65,0.239941
66,0.787050
67,1.289857
68,0.168234
69,0.588027
70,1.314781
71,0.073177
72,0.276643
73,0.876978
74,1.200641
75,0.477947
76,1.226488
77,0.393134
78,1.108873
79,0.746694
80,1.314120
81,0.075745
82,0.285767
83,0.898080
84,1.172677
85,0.565195
86,1.302444
87,0.120696
88,0.439082
89,1.177949
90,0.549106
91,1.291871
92,0.160690
93,0.565297
94,1.302506
95,0.120459
96,0.438306
97,1.176888
98,0.552357
99,1.294133
