0,0.000000
1,0.039700
2,0.154072
3,0.545073
4,1.288978
5,0.171519
6,0.597820
7,1.319114
8,0.056272
9,0.215587
10,0.722914
11,1.323842
12,0.037695
13,0.146518
14,0.521671
15,1.270262
16,0.240352
17,0.788101
18,1.289094
19,0.171085
20,0.596529
21,1.318576
22,0.058378
23,0.223287
24,0.743576
25,1.315588
26,0.070035
27,0.265426
28,0.850352
29,1.232112
30,0.374146
31,1.076629
32,0.829126
33,1.254155
34,0.297907
35,0.925382
36,1.132532
37,0.682241
38,1.332606
39,0.002909
40,0.011611
41,0.046040
42,0.177803
43,0.616370
44,1.325744
45,0.030185
46,0.118005
47,0.430246
48,1.165649
49,0.586383
50,1.313997
51,0.076225
52,0.287468
53,0.901958
54,1.167247
55,0.581592
56,1.311620
57,0.085438
58,0.319854
59,0.972495
60,1.052740
61,0.886176
62,1.188780
63,0.515526
64,1.264803
65,0.260032
66,0.837278
67,1.246009
68,0.326421
69,0.986032
70,1.027350
71,0.943055
72,1.104162
73,0.759128
74,1.307686
75,0.100616
76,0.372092
77,1.073011
78,0.837986
79,1.245282
80,0.328946
81,0.991169
82,1.017429
83,0.964231
84,1.067700
85,0.850850
86,1.231563
87,0.376011
88,1.079891
89,0.821069
90,1.261813
91,0.270737
92,0.863051
93,1.217632
94,0.422643
95,1.154691
96,0.618829
97,1.326468
98,0.027320
99,0.107040
