0,0.000000
1,0.039700
2,0.154072
3,0.545073
4,1.288978
5,0.171519
6,0.597820
7,1.319114
8,0.056271
9,0.215586
10,0.722912
11,1.323843
12,0.037692
13,0.146506
14,0.521633
15,1.270229
16,0.240472
17,0.788408
18,1.288870
19,0.171921
20,0.599014
21,1.319603
22,0.054357
23,0.208565
24,0.703762
25,1.329205
26,0.016462
27,0.065033
28,0.247446
29,0.806094
30,1.275013
31,0.223077
32,0.743019
33,1.315845
34,0.069038
35,0.261852
36,0.841708
37,1.241415
38,0.342328
39,1.017746
40,0.963564
41,1.068890
42,0.847983
43,1.234706
44,0.365327
45,1.060917
46,0.867034
47,1.212892
48,0.438246
49,1.176805
50,0.552609
51,1.294306
52,0.151541
53,0.537269
54,1.283102
55,0.193356
56,0.661263
57,1.333246
58,0.000350
59,0.001401
60,0.005597
61,0.022295
62,0.087690
63,0.327692
64,0.988622
65,1.022368
66,0.953762
67,1.086062
68,0.805656
69,1.275379
70,0.221741
71,0.739457
72,1.317438
73,0.062823
74,0.239451
75,0.785794
76,1.290759
77,0.164859
78,0.577901
79,1.309695
80,0.092875
81,0.345623
82,1.024127
83,0.950000
84,1.092500
85,0.789332
86,1.288193
87,0.174448
88,0.606497
89,1.322472
90,0.043091
91,0.166794
92,0.583714
93,1.312690
94,0.081294
95,0.305351
96,0.941686
97,1.106426
98,0.753169
99,1.310885
