  0     1.325000
  1     1.310437
  2     1.268349
  3     1.203306
  4     1.122207
  5     1.033310
  6     0.945089
  7     0.865077
  8     0.798880
  9     0.749486
 10     0.716996
 11     0.698779
 12     0.690048
 13     0.684749
 14     0.676623
 15     0.660279
 16     0.632107
 17     0.590887
 18     0.538006
 19     0.477241
 20     0.414149
 21     0.355153
 22     0.306472
 23     0.273052
 24     0.257683
 25     0.260423
 26     0.278433
 27     0.306259
 28     0.336512
 29     0.360860
 30     0.371181
 31     0.360710
 32     0.325000
 33     0.262574
 34     0.175147
 35     0.067399
 36    -0.053669
 37    -0.179702
 38    -0.302136
 39    -0.413357
 40    -0.507683
 41    -0.582058
 42    -0.636322
 43    -0.673052
 44    -0.696992
 45    -0.714158
 46    -0.730781
 47    -0.752231
 48    -0.782107
 49    -0.821623
 50    -0.869398
 51    -0.921666
 52    -0.972891
 53    -1.016678
 54    -1.046846
 55    -1.058492
 56    -1.048880
 57    -1.018011
 58    -0.968792
 59    -0.906753
 60    -0.839364
 61    -0.775047
 62    -0.722020
 63    -0.687153
 64    -0.675000
 65    -0.687153
 66    -0.722020
 67    -0.775047
 68    -0.839364
 69    -0.906753
 70    -0.968792
 71    -1.018011
 72    -1.048880
 73    -1.058492
 74    -1.046846
 75    -1.016678
 76    -0.972891
 77    -0.921666
 78    -0.869398
 79    -0.821623
 80    -0.782107
 81    -0.752231
 82    -0.730781
 83    -0.714158
 84    -0.696992
 85    -0.673052
 86    -0.636322
 87    -0.582058
 88    -0.507683
 89    -0.413357
 90    -0.302136
 91    -0.179702
 92    -0.053669
 93     0.067399
 94     0.175147
 95     0.262574
 96     0.325000
 97     0.360710
 98     0.371181
 99     0.360860
100     0.336512
101     0.306259
102     0.278433
103     0.260423
104     0.257683
105     0.273052
106     0.306472
107     0.355153
108     0.414149
109     0.477241
110     0.538006
111     0.590887
112     0.632107
113     0.660279
114     0.676623
115     0.684749
116     0.690048
117     0.698779
118     0.716996
119     0.749486
120     0.798880
121     0.865077
122     0.945089
123     1.033310
124     1.122207
125     1.203306
126     1.268349
127     1.310437
128     1.325000
129     1.310437
130     1.268349
131     1.203306
132     1.122207
133     1.033310
134     0.945089
135     0.865077
136     0.798880
137     0.749486
138     0.716996
139     0.698779
140     0.690048
141     0.684749
142     0.676623
143     0.660279
144     0.632107
145     0.590887
146     0.538006
147     0.477241
148     0.414149
149     0.355153
150     0.306472
151     0.273052
152     0.257683
153     0.260423
154     0.278433
155     0.306259
156     0.336512
157     0.360860
158     0.371181
159     0.360710
160     0.325000
161     0.262574
162     0.175147
163     0.067399
164    -0.053669
165    -0.179702
166    -0.302136
167    -0.413357
168    -0.507683
169    -0.582058
170    -0.636322
171    -0.673052
172    -0.696992
173    -0.714158
174    -0.730781
175    -0.752231
176    -0.782107
177    -0.821623
178    -0.869398
179    -0.921666
180    -0.972891
181    -1.016678
182    -1.046846
183    -1.058492
184    -1.048880
185    -1.018011
186    -0.968792
187    -0.906753
188    -0.839364
189    -0.775047
190    -0.722020
191    -0.687153
192    -0.675000
193    -0.687153
194    -0.722020
195    -0.775047
196    -0.839364
197    -0.906753
198    -0.968792
199    -1.018011
200    -1.048880
201    -1.058492
202    -1.046846
203    -1.016678
204    -0.972891
205    -0.921666
206    -0.869398
207    -0.821623
208    -0.782107
209    -0.752231
210    -0.730781
211    -0.714158
212    -0.696992
213    -0.673052
214    -0.636322
215    -0.582058
216    -0.507683
217    -0.413357
218    -0.302136
219    -0.179702
220    -0.053669
221     0.067399
222     0.175147
223     0.262574
224     0.325000
225     0.360710
226     0.371181
227     0.360860
228     0.336512
229     0.306259
230     0.278433
231     0.260423
232     0.257683
233     0.273052
234     0.306472
235     0.355153
236     0.414149
237     0.477241
238     0.538006
239     0.590887
240     0.632107
241     0.660279
242     0.676623
243     0.684749
244     0.690048
245     0.698779
246     0.716996
247     0.749486
248     0.798880
249     0.865077
250     0.945089
251     1.033310
252     1.122207
253     1.203306
254     1.268349
255     1.310437
