  0     1.036071
  1     1.097788
  2     1.085521
  3     1.051194
  4     1.011659
  5     1.084254
  6     1.041468
  7     1.017332
  8     1.023041
  9     0.941816
 10     0.967032
 11     0.890690
 12     0.890566
 13     0.897730
 14     0.784552
 15     0.768905
 16     0.817305
 17     0.725569
 18     0.744604
 19     0.716754
 20     0.613106
 21     0.515136
 22     0.541470
 23     0.545897
 24     0.495136
 25     0.406414
 26     0.318231
 27     0.319475
 28     0.302835
 29     0.204209
 30     0.152547
 31     0.067883
 32     0.031470
 33    -0.029201
 34    -0.017184
 35    -0.084386
 36    -0.186001
 37    -0.202619
 38    -0.277153
 39    -0.228640
 40    -0.304496
 41    -0.329313
 42    -0.455185
 43    -0.501819
 44    -0.487805
 45    -0.567946
 46    -0.594155
 47    -0.618595
 48    -0.625344
 49    -0.715502
 50    -0.723992
 51    -0.788909
 52    -0.804987
 53    -0.738638
 54    -0.874280
 55    -0.890055
 56    -0.860264
 57    -0.905956
 58    -0.866511
 59    -0.923672
 60    -0.887719
 61    -0.969218
 62    -0.930010
 63    -0.874259
 64    -0.960175
 65    -0.977787
 66    -0.933304
 67    -0.940263
 68    -0.919416
 69    -0.895019
 70    -0.924776
 71    -0.926988
 72    -0.875625
 73    -0.855613
 74    -0.855081
 75    -0.741709
 76    -0.755341
 77    -0.736129
 78    -0.729027
 79    -0.708059
 80    -0.614578
 81    -0.578558
 82    -0.587202
 83    -0.476689
 84    -0.468478
 85    -0.459271
 86    -0.463452
 87    -0.401848
 88    -0.292264
 89    -0.238516
 90    -0.218218
 91    -0.184494
 92    -0.076757
 93    -0.134489
 94    -0.039995
 95    -0.015910
 96     0.033250
 97     0.168970
 98     0.180089
 99     0.241349
100     0.265005
101     0.357216
102     0.399460
103     0.455058
104     0.420295
105     0.438571
106     0.580585
107     0.627844
108     0.633665
109     0.623870
110     0.656026
111     0.717182
112     0.828279
113     0.809775
114     0.812645
115     0.886472
116     0.955126
117     0.905308
118     0.990893
119     0.993065
120     0.944833
121     0.997582
122     0.979502
123     0.984318
124     1.049066
125     1.069760
126     1.042629
127     1.100326
128     1.075486
129     1.003312
130     1.066334
131     1.009577
132     1.099537
133     1.025356
134     0.970509
135     0.972908
136     0.990220
137     1.026746
138     0.902026
139     0.877164
140     0.857397
141     0.844945
142     0.838069
143     0.763050
144     0.817669
145     0.776252
146     0.739756
147     0.704917
148     0.582842
149     0.603437
150     0.544691
151     0.475781
152     0.403056
153     0.432745
154     0.352796
155     0.331633
156     0.246529
157     0.256687
158     0.163201
159     0.050992
160     0.114472
161    -0.037735
162    -0.075692
163    -0.038506
164    -0.128433
165    -0.207087
166    -0.275697
167    -0.328892
168    -0.349034
169    -0.392862
170    -0.443964
171    -0.454526
172    -0.479139
173    -0.503208
174    -0.552718
175    -0.609566
176    -0.634922
177    -0.678912
178    -0.726800
179    -0.703751
180    -0.805096
181    -0.738224
182    -0.859239
183    -0.857243
184    -0.833520
185    -0.856350
186    -0.946541
187    -0.953233
188    -0.910636
189    -0.913593
190    -0.976462
191    -0.939174
192    -0.913084
193    -0.957748
194    -0.952339
195    -0.960604
196    -0.903844
197    -0.912597
198    -0.920370
199    -0.830953
200    -0.831752
201    -0.839986
202    -0.836754
203    -0.814171
204    -0.799974
205    -0.801364
206    -0.667460
207    -0.637271
208    -0.643225
209    -0.644798
210    -0.556257
211    -0.505444
212    -0.534305
213    -0.413285
214    -0.459395
215    -0.315931
216    -0.321672
217    -0.314488
218    -0.286862
219    -0.236819
220    -0.097105
221    -0.124584
222    -0.032234
223     0.010833
224     0.063194
225     0.157697
226     0.186491
227     0.161865
228     0.236154
229     0.243024
230     0.291010
231     0.345080
232     0.446731
233     0.473448
234     0.523145
235     0.609646
236     0.603306
237     0.627998
238     0.708616
239     0.783177
240     0.766166
241     0.768310
242     0.849884
243     0.883532
244     0.834646
245     0.946604
246     0.948870
247     0.968178
248     1.035157
249     1.011916
250     1.027290
251     1.054293
252     1.073303
253     1.000309
254     1.014348
255     1.029507
