  0     0.998177
  1     0.996975
  2     0.993370
  3     0.987373
  4     0.978997
  5     0.968263
  6     0.955196
  7     0.939828
  8     0.922195
  9     0.902341
 10     0.880313
 11     0.856165
 12     0.829954
 13     0.801743
 14     0.771601
 15     0.739600
 16     0.705818
 17     0.670335
 18     0.633237
 19     0.594613
 20     0.554557
 21     0.513165
 22     0.470537
 23     0.426776
 24     0.381986
 25     0.336276
 26     0.289755
 27     0.242537
 28     0.194735
 29     0.146463
 30     0.097838
 31     0.048978
 32     0.000000
 33    -0.048978
 34    -0.097838
 35    -0.146463
 36    -0.194735
 37    -0.242537
 38    -0.289755
 39    -0.336276
 40    -0.381986
 41    -0.426776
 42    -0.470537
 43    -0.513165
 44    -0.554557
 45    -0.594613
 46    -0.633237
 47    -0.670335
 48    -0.705818
 49    -0.739600
 50    -0.771601
 51    -0.801743
 52    -0.829954
 53    -0.856165
 54    -0.880313
 55    -0.902341
 56    -0.922195
 57    -0.939828
 58    -0.955196
 59    -0.968263
 60    -0.978997
 61    -0.987373
 62    -0.993370
 63    -0.996975
 64    -0.998177
 65    -0.996975
 66    -0.993370
 67    -0.987373
 68    -0.978997
 69    -0.968263
 70    -0.955196
 71    -0.939828
 72    -0.922195
 73    -0.902341
 74    -0.880313
 75    -0.856165
 76    -0.829954
 77    -0.801743
 78    -0.771601
 79    -0.739600
 80    -0.705818
 81    -0.670335
 82    -0.633237
 83    -0.594613
 84    -0.554557
 85    -0.513165
 86    -0.470537
 87    -0.426776
 88    -0.381986
 89    -0.336276
 90    -0.289755
 91    -0.242537
 92    -0.194735
 93    -0.146463
 94    -0.097838
 95    -0.048978
 96     0.000000
 97     0.048978
 98     0.097838
 99     0.146463
100     0.194735
101     0.242537
102     0.289755
103     0.336276
104     0.381986
105     0.426776
106     0.470537
107     0.513165
108     0.554557
109     0.594613
110     0.633237
111     0.670335
112     0.705818
113     0.739600
114     0.771601
115     0.801743
116     0.829954
117     0.856165
118     0.880313
119     0.902341
120     0.922195
121     0.939828
122     0.955196
123     0.968263
124     0.978997
125     0.987373
126     0.993370
127     0.996975
128     0.998177
129     0.996975
130     0.993370
131     0.987373
132     0.978997
133     0.968263
134     0.955196
135     0.939828
136     0.922195
137     0.902341
138     0.880313
139     0.856165
140     0.829954
141     0.801743
142     0.771601
143     0.739600
144     0.705818
145     0.670335
146     0.633237
147     0.594613
148     0.554557
149     0.513165
150     0.470537
151     0.426776
152     0.381986
153     0.336276
154     0.289755
155     0.242537
156     0.194735
157     0.146463
158     0.097838
159     0.048978
160     0.000000
161    -0.048978
162    -0.097838
163    -0.146463
164    -0.194735
165    -0.242537
166    -0.289755
167    -0.336276
168    -0.381986
169    -0.426776
170    -0.470537
171    -0.513165
172    -0.554557
173    -0.594613
174    -0.633237
175    -0.670335
176    -0.705818
177    -0.739600
178    -0.771601
179    -0.801743
180    -0.829954
181    -0.856165
182    -0.880313
183    -0.902341
184    -0.922195
185    -0.939828
186    -0.955196
187    -0.968263
188    -0.978997
189    -0.987373
190    -0.993370
191    -0.996975
192    -0.998177
193    -0.996975
194    -0.993370
195    -0.987373
196    -0.978997
197    -0.968263
198    -0.955196
199    -0.939828
200    -0.922195
201    -0.902341
202    -0.880313
203    -0.856165
204    -0.829954
205    -0.801743
206    -0.771601
207    -0.739600
208    -0.705818
209    -0.670335
210    -0.633237
211    -0.594613
212    -0.554557
213    -0.513165
214    -0.470537
215    -0.426776
216    -0.381986
217    -0.336276
218    -0.289755
219    -0.242537
220    -0.194735
221    -0.146463
222    -0.097838
223    -0.048978
224     0.000000
225     0.048978
226     0.097838
227     0.146463
228     0.194735
229     0.242537
230     0.289755
231     0.336276
232     0.381986
233     0.426776
234     0.470537
235     0.513165
236     0.554557
237     0.594613
238     0.633237
239     0.670335
240     0.705818
241     0.739600
242     0.771601
243     0.801743
244     0.829954
245     0.856165
246     0.880313
247     0.902341
248     0.922195
249     0.939828
250     0.955196
251     0.968263
252     0.978997
253     0.987373
254     0.993370
255     0.996975
