0,0.000000
1,0.000000
2,0.000000
3,0.000000
4,0.000000
5,0.000000
6,0.000000
7,0.000000
8,0.000000
9,0.000001
10,0.000002
11,0.000001
12,0.000003
13,0.000012
14,0.000038
15,0.000033
16,0.000120
17,0.000307
18,0.000224
19,0.000837
20,0.002486
21,0.001028
22,0.004023
23,0.014730
24,0.039837
25,0.013622
26,0.053595
27,0.200474
28,0.603200
29,0.426757
30,0.901483
31,0.855804
32,0.092115
33,0.064334
34,0.239189
35,0.700852
36,0.385654
37,0.631791
38,1.256517
39,0.284077
40,0.889251
41,1.122750
42,0.399146
43,0.692816
44,1.230902
45,0.322197
46,0.919002
47,0.491630
48,0.027712
49,0.080663
50,0.019336
51,0.076223
52,0.287461
53,0.901930
54,1.167135
55,0.581144
56,1.309831
57,0.078290
58,0.291412
59,0.861157
60,0.644575
61,0.246688
62,0.507466
63,0.817164
64,1.262230
65,0.249760
66,0.796505
67,1.087905
68,0.231003
69,0.311499
70,0.887987
71,0.443869
72,0.145022
73,0.443773
74,0.344613
75,0.969147
76,0.473782
77,0.163977
78,0.480452
79,0.198636
80,0.571235
81,0.178577
82,0.443361
83,0.343379
84,0.966790
85,0.477759
86,0.156789
87,0.457667
88,0.169763
89,0.507361
90,0.302217
91,0.805175
92,0.032162
93,0.034793
94,0.118651
95,0.215957
96,0.492441
97,0.586152
98,1.289741
99,0.042743
