0,0.000000
1,0.000000
2,0.000000
3,0.000000
4,0.000000
5,0.000000
6,0.000000
7,0.000000
8,0.000000
9,0.000001
10,0.000002
11,0.000001
12,0.000003
13,0.000012
14,0.000038
15,0.000033
16,0.000120
17,0.000307
18,0.000224
19,0.000836
20,0.002485
21,0.001027
22,0.004020
23,0.014722
24,0.039814
25,0.013617
26,0.053574
27,0.200393
28,0.602906
29,0.426018
30,0.900867
31,0.853552
32,0.086107
33,0.061690
34,0.228869
35,0.663530
36,0.290825
37,0.559176
38,0.990278
39,1.014838
40,0.951957
41,1.022865
42,0.670238
43,0.618506
44,0.960366
45,1.030530
46,0.748256
47,0.780105
48,0.730989
49,0.601198
50,0.755849
51,1.196661
52,0.210435
53,0.517555
54,0.401767
55,1.001730
56,0.165610
57,0.087649
58,0.327503
59,0.987550
60,1.016135
61,0.932823
62,0.996030
63,0.483840
64,0.281754
65,0.782427
66,0.166713
67,0.203795
68,0.637422
69,0.687352
70,1.093040
71,0.666280
72,1.040795
73,0.814155
74,0.961190
75,0.307848
76,0.064271
77,0.228275
78,0.530972
79,0.563002
80,1.221245
81,0.269879
82,0.738360
83,0.051920
84,0.080177
85,0.224137
86,0.014251
87,0.053752
88,0.167415
89,0.144523
90,0.506014
91,1.125078
92,0.423024
93,0.747393
94,1.221211
95,0.184892
96,0.503380
97,0.070462
98,0.200813
99,0.016752
