0,0.000000
1,0.039700
2,0.154072
3,0.545073
4,1.288978
5,0.171519
6,0.597820
7,1.319114
8,0.056271
9,0.215586
10,0.722912
11,1.323843
12,0.037692
13,0.146506
14,0.521633
15,1.270229
16,0.240472
17,0.788408
18,1.288870
19,0.171922
20,0.599015
21,1.319603
22,0.054355
23,0.208556
24,0.703739
25,1.329210
26,0.016441
27,0.064952
28,0.247152
29,0.805355
30,1.275630
31,0.220826
32,0.737011
33,1.318488
34,0.058718
35,0.224530
36,0.746878
37,1.314032
38,0.076089
39,0.286987
40,0.900863
41,1.168790
42,0.576949
43,1.309186
44,0.094842
45,0.352381
46,1.037007
47,0.921876
48,1.137937
49,0.667045
50,1.333333
51,0.000002
52,0.000007
53,0.000028
54,0.000112
55,0.000448
56,0.001790
57,0.007149
58,0.028441
59,0.111338
60,0.408165
61,1.132864
62,0.681314
63,1.332690
64,0.002573
65,0.010272
66,0.040773
67,0.158103
68,0.557424
69,1.297531
70,0.139363
71,0.499186
72,1.249184
73,0.315355
74,0.963073
75,1.069763
76,0.845874
77,1.236988
78,0.357535
79,1.046646
80,0.900182
81,1.169746
82,0.574067
83,1.307610
84,0.100910
85,0.373091
86,1.074774
87,0.833678
88,1.249655
89,0.313709
90,0.959596
91,1.075911
92,0.830890
93,1.252426
94,0.303992
95,0.938735
96,1.111270
97,0.740316
98,1.317060
99,0.064297
