0.000036  10
0.000015  11
0.000009  12
0.000013  13
0.000017  14
0.000018  15
0.000018  16
0.000022  17
0.000011  18
0.000011  19
0.000008  20
0.000015  21
0.000014  22
0.000015  23
0.000010  24
0.000009  25
0.000015  26
0.000018  27
0.000017  28
0.000010  29
0.000011  30
0.000012  31
0.000017  32
0.000012  33
0.000013  34
0.000014  35
0.000021  36
0.000015  37
0.000023  38
0.000026  39
0.000028  40
0.000018  41
0.000019  42
0.000021  43
0.000022  44
0.000032  45
0.000046  46
0.000027  47
0.000028  48
0.000029  49
0.000031  50
0.000033  51
0.000037  52
0.000036  53
0.000047  54
0.000040  55
0.000042  56
0.000043  57
0.000046  58
0.000048  59
0.000050  60
0.000053  61
0.000054  62
0.000057  63
0.000060  64
0.000063  65
0.000064  66
0.000068  67
0.000078  68
0.000074  69
0.000076  70
0.000079  71
0.000082  72
0.000086  73
0.000088  74
0.000093  75
0.000184  76
0.000100  77
0.000149  78
0.000109  79
0.000113  80
0.000117  81
0.000125  82
0.000132  83
0.000132  84
0.000135  85
0.000140  86
0.000145  87
0.000181  88
0.000155  89
0.000160  90
0.000166  91
0.000172  92
0.000177  93
0.000182  94
0.000188  95
0.000193  96
0.000200  97
0.000219  98
0.000212  99
0.000219 100
0.000226 101
0.000334 102
0.000254 103
0.000247 104
0.000253 105
0.000268 106
0.000268 107
0.000275 108
0.000512 109
0.000307 110
0.000300 111
0.000305 112
0.000315 113
0.000322 114
0.000332 115
0.000340 116
0.000349 117
0.000356 118
0.000369 119
0.000381 120
0.000384 121
0.000394 122
0.000687 123
0.000414 124
0.000424 125
0.000433 126
0.000444 127
0.000455 128
0.000466 129
0.000605 130
0.000496 131
0.000496 132
0.000508 133
0.000528 134
0.000532 135
0.000542 136
0.000591 137
0.000566 138
0.000580 139
0.000590 140
0.000644 141
0.000618 142
0.000626 143
0.000642 144
0.000654 145
0.000668 146
0.000813 147
0.000704 148
0.000708 149
0.000722 150
0.000737 151
0.000750 152
0.000830 153
0.000780 154
0.001232 155
0.000813 156
0.000841 157
0.000842 158
0.000856 159
0.000874 160
0.000902 161
0.001302 162
0.000923 163
0.000938 164
0.000963 165
0.000972 166
0.001001 167
0.001686 168
0.001036 169
0.001042 170
0.001061 171
0.001090 172
0.001099 173
0.001118 174
0.001142 175
0.001157 176
0.001180 177
0.001206 178
0.001307 179
0.001707 180
0.001257 181
0.001283 182
0.001298 183
0.001386 184
0.001349 185
0.001388 186
0.001379 187
0.001399 188
0.001768 189
0.001463 190
0.001935 191
0.001509 192
0.001514 193
0.001549 194
0.001590 195
0.001601 196
0.001616 197
0.001794 198
0.001680 199
0.001951 200
0.001731 201
0.001764 202
0.001775 203
0.001781 204
0.001826 205
0.001952 206
0.001878 207
0.001887 208
0.002978 209
0.001938 210
0.001967 211
0.002019 212
0.002258 213
0.002065 214
0.002084 215
0.002116 216
0.002556 217
0.002180 218
0.002204 219
0.002453 220
0.002277 221
0.002317 222
0.002331 223
0.002791 224
0.002391 225
0.002414 226
0.002829 227
0.002501 228
0.003124 229
0.002611 230
0.002607 231
0.002615 232
0.002921 233
0.003743 234
0.002698 235
0.002850 236
0.002775 237
0.002841 238
0.002854 239
0.004028 240
0.002931 241
0.003001 242
0.002989 243
0.003051 244
0.003139 245
0.003100 246
0.003205 247
0.003161 248
0.003218 249
0.003253 250
0.003344 251
0.003326 252
0.003586 253
0.003416 254
0.003447 255
0.004102 256
0.003527 257
0.003939 258
0.003608 259
0.003734 260
0.003693 261
0.003750 262
0.004305 263
0.003819 264
0.003917 265
0.003904 266
0.004209 267
0.004567 268
0.004067 269
0.004072 270
0.004179 271
0.004213 272
0.004208 273
0.004303 274
0.004551 275
0.004345 276
0.004404 277
0.004463 278
0.004574 279
0.004548 280
0.005131 281
0.004844 282
0.004679 283
0.004812 284
0.004783 285
0.005417 286
0.004893 287
0.005020 288
0.005074 289
0.005833 290
0.005073 291
0.005180 292
0.005232 293
0.005942 294
0.005311 295
0.005607 296
0.005888 297
0.005459 298
0.005745 299
0.005557 300
0.006297 301
0.006004 302
0.005740 303
0.006688 304
0.006081 305
0.005895 306
0.005951 307
0.007113 308
0.006071 309
0.006134 310
0.006294 311
0.006266 312
0.006349 313
0.006413 314
0.006498 315
0.006536 316
0.006569 317
0.006604 318
0.006977 319
0.006789 320
0.006887 321
0.007419 322
0.006928 323
0.007062 324
0.007039 325
0.007833 326
0.007691 327
0.007326 328
0.007437 329
0.008568 330
0.007495 331
0.007825 332
0.007657 333
0.007618 334
0.008817 335
0.009024 336
0.007889 337
0.008041 338
0.007971 339
0.008671 340
0.008861 341
0.008204 342
0.008836 343
0.008390 344
0.008407 345
0.008570 346
0.008560 347
0.008637 348
0.008715 349
0.008790 350
0.008873 351
0.009020 352
0.009806 353
0.009109 354
0.009780 355
0.009580 356
0.009858 357
0.009660 358
0.009943 359
0.010526 360
0.009673 361
0.010406 362
0.009862 363
0.010450 364
0.010079 365
0.010743 366
0.010131 367
0.010659 368
0.010338 369
0.010906 370
0.011214 371
0.010600 372
0.011655 373
0.010787 374
0.011687 375
0.011155 376
0.011107 377
0.011453 378
0.011220 379
0.011763 380
0.012525 381
0.011460 382
0.012975 383
0.012062 384
0.011799 385
0.012835 386
0.012056 387
0.012733 388
0.012366 389
0.012526 390
0.014044 391
0.013682 392
0.012722 393
0.012525 394
0.013970 395
0.013043 396
0.013801 397
0.014146 398
0.013197 399
0.014554 400
0.013210 401
0.014682 402
0.019274 403
0.013854 404
0.014698 405
0.014793 406
0.014080 407
0.015362 408
0.014051 409
0.015515 410
0.015161 411
0.014557 412
0.014474 413
0.016439 414
0.015031 415
0.016346 416
0.015139 417
0.014923 418
0.016134 419
0.016232 420
0.015545 421
0.015767 422
0.016898 423
0.017417 424
0.015722 425
0.017215 426
0.016820 427
0.016439 428
0.016445 429
0.017653 430
0.017455 431
0.016526 432
0.018001 433
0.018020 434
0.017428 435
0.017504 436
0.033836 437
0.031010 438
0.020811 439
0.019659 440
0.017754 441
0.018096 442
0.018089 443
0.018016 444
0.019537 445
0.024113 446
0.018681 447
0.019038 448
0.018940 449
0.024273 450
0.024439 451
0.023140 452
0.022129 453
0.021595 454
0.019919 455
0.019770 456
0.020090 457
0.020004 458
0.020241 459
0.021739 460
0.021443 461
0.021736 462
0.021513 463
0.022322 464
0.021756 465
0.020711 466
0.020958 467
0.021173 468
0.023105 469
0.022884 470
0.022948 471
0.023051 472
0.021892 473
0.024231 474
0.023688 475
0.023634 476
0.024173 477
0.023689 478
0.022768 479
0.023175 480
0.024361 481
0.025144 482
0.024898 483
0.023363 484
0.025682 485
0.025123 486
0.025277 487
0.024153 488
0.025111 489
0.025849 490
0.025980 491
0.025658 492
0.026059 493
0.026433 494
0.029406 495
0.025341 496
0.027304 497
0.027103 498
0.026835 499
0.027328 500
0.027109 501
0.029060 502
0.027840 503
0.027643 504
0.027850 505
0.028698 506
0.028246 507
0.028819 508
0.028501 509
0.027722 510
0.028963 511
0.029178 512
0.029939 513
0.030133 514
0.030567 515
0.030572 516
0.031715 517
0.033888 518
0.030759 519
0.030152 520
0.031104 521
0.030814 522
0.032061 523
0.031161 524
0.031682 525
0.032229 526
0.032149 527
0.032002 528
0.031985 529
0.032654 530
0.033397 531
0.032664 532
0.033706 533
0.033909 534
0.033472 535
0.035251 536
0.033986 537
0.033649 538
0.035328 539
0.034541 540
0.034565 541
0.034839 542
0.034811 543
0.036191 544
0.036176 545
0.036615 546
0.035928 547
0.035669 548
0.037235 549
0.037029 550
0.036398 551
0.038327 552
0.036289 553
0.037965 554
0.037253 555
0.036646 556
0.038848 557
0.041059 558
0.039102 559
0.039298 560
0.039436 561
0.039991 562
0.039463 563
0.040136 564
0.039546 565
0.040598 566
0.039905 567
0.041005 568
0.040416 569
0.042007 570
0.042261 571
0.043076 572
0.042020 573
0.042112 574
0.043966 575
0.045649 576
0.043393 577
0.043902 578
0.044885 579
0.043853 580
0.043852 581
0.044408 582
0.044596 583
0.045989 584
0.045945 585
0.046221 586
0.046648 587
0.046052 588
0.046008 589
0.047831 590
0.047305 591
0.047277 592
0.047028 593
0.046829 594
0.047641 595
0.047769 596
0.048046 597
0.049040 598
0.048427 599
0.048261 600
0.048978 601
0.051064 602
0.051659 603
0.053502 604
0.050161 605
0.050768 606
0.049748 607
0.051740 608
0.052213 609
0.050568 610
0.050825 611
0.051501 612
0.051069 613
0.051826 614
0.051881 615
0.052416 616
0.053518 617
0.053460 618
0.054329 619
0.053778 620
0.053459 621
0.054766 622
0.055103 623
0.054795 624
0.054148 625
0.054540 626
0.054885 627
0.053461 628
0.056105 629
0.056180 630
0.058369 631
0.056845 632
0.061326 633
0.056903 634
0.058827 635
0.055779 636
0.057837 637
0.057896 638
0.058541 639
0.059539 640
0.059112 641
0.058525 642
0.060161 643
0.061473 644
0.061132 645
0.060726 646
0.062974 647
0.061182 648
0.061058 649
0.059566 650
0.065210 651
0.061906 652
0.063895 653
0.062461 654
0.064206 655
0.062774 656
0.064899 657
0.064055 658
0.065564 659
0.064337 660
0.065169 661
0.065282 662
0.065624 663
0.065291 664
0.064769 665
0.069066 666
0.066542 667
0.066476 668
0.068538 669
0.067365 670
0.067458 671
0.070152 672
0.068681 673
0.069344 674
0.069531 675
0.071771 676
0.071018 677
0.071296 678
0.072530 679
0.070825 680
0.069597 681
0.070540 682
0.071571 683
0.071634 684
0.071325 685
0.071723 686
0.076937 687
0.076119 688
0.077554 689
0.075143 690
0.074888 691
0.085394 692
0.076141 693
0.079024 694
0.076620 695
0.076054 696
0.075748 697
0.076867 698
0.076237 699
0.073965 700
0.076935 701
0.079596 702
0.078152 703
0.079566 704
0.079904 705
0.080646 706
0.082647 707
0.078706 708
0.079639 709
0.085836 710
0.080235 711
0.080104 712
0.081591 713
0.081728 714
0.088574 715
0.085256 716
0.083363 717
0.082552 718
0.082448 719
0.082973 720
0.083586 721
0.086379 722
0.085823 723
0.087425 724
0.086254 725
0.085299 726
0.087549 727
0.088109 728
0.087248 729
0.087736 730
0.088494 731
0.088498 732
0.089573 733
0.087353 734
0.089386 735
0.090133 736
0.090366 737
0.089679 738
0.090807 739
0.090714 740
0.094349 741
0.093448 742
0.092316 743
0.091111 744
0.092719 745
0.092943 746
0.096480 747
0.093567 748
0.095441 749
0.094278 750
0.095919 751
0.095973 752
0.095471 753
0.098623 754
0.097483 755
0.097586 756
0.098512 757
0.097543 758
0.099982 759
0.100376 760
0.105510 761
0.140602 762
0.103353 763
0.109792 764
0.103464 765
0.113434 766
0.103997 767
0.101914 768
0.103285 769
0.105782 770
0.106641 771
0.105002 772
0.108465 773
0.102684 774
0.105554 775
0.109145 776
0.106618 777
0.115320 778
0.109001 779
0.110687 780
0.111049 781
0.115079 782
0.110882 783
0.111930 784
0.113235 785
0.116761 786
0.113326 787
0.115321 788
0.115764 789
0.119151 790
0.117326 791
0.118086 792
0.117429 793
0.121457 794
0.117523 795
0.118931 796
0.122064 797
0.124621 798
0.119663 799
0.121440 800
0.121517 801
0.122344 802
0.121877 803
0.133199 804
0.123411 805
0.126245 806
0.125368 807
0.124718 808
0.123529 809
0.132419 810
0.125785 811
0.127816 812
0.128088 813
0.129265 814
0.127981 815
0.131592 816
0.133941 817
0.130292 818
0.130175 819
0.131956 820
0.134606 821
0.145426 822
0.133042 823
0.137909 824
0.135158 825
0.136119 826
0.138257 827
0.136881 828
0.140075 829
0.137749 830
0.140527 831
0.139407 832
0.142121 833
0.144070 834
0.141050 835
0.142186 836
0.145739 837
0.143308 838
0.143372 839
0.146555 840
0.145077 841
0.145391 842
0.148206 843
0.149375 844
0.146706 845
0.149684 846
0.148175 847
0.151533 848
0.152366 849
0.151952 850
0.151378 851
0.152337 852
0.153654 853
0.158645 854
0.159065 855
0.157918 856
0.156869 857
0.157809 858
0.159199 859
0.159025 860
0.159159 861
0.160947 862
0.161286 863
0.165638 864
0.160999 865
0.161927 866
0.164981 867
0.173081 868
0.164534 869
0.168656 870
0.167711 871
0.167835 872
0.175320 873
0.167871 874
0.167363 875
0.168353 876
0.173322 877
0.178438 878
0.178510 879
0.172248 880
0.179522 881
0.179985 882
0.173176 883
0.176210 884
0.175211 885
0.184377 886
0.179235 887
0.176095 888
0.181545 889
0.183086 890
0.184847 891
0.181179 892
0.180242 893
0.187761 894
0.193905 895
0.192804 896
0.183235 897
0.187325 898
0.194693 899
0.187985 900
0.194889 901
0.187578 902
0.195061 903
0.191361 904
0.195331 905
0.196223 906
0.196245 907
0.196242 908
0.200499 909
0.197885 910
0.201643 911
0.198901 912
0.198787 913
0.206365 914
0.203423 915
0.202801 916
0.202680 917
0.202066 918
0.203899 919
0.205775 920
0.205604 921
0.211060 922
0.213530 923
0.209368 924
0.215376 925
0.212469 926
0.208937 927
0.210462 928
0.208941 929
0.208836 930
0.213358 931
0.224287 932
0.219395 933
0.220372 934
0.216471 935
0.222556 936
0.220581 937
0.220049 938
0.221235 939
0.219330 940
0.221242 941
0.223266 942
0.226087 943
0.228680 944
0.222066 945
0.225805 946
0.231107 947
0.229629 948
0.224975 949
0.235938 950
0.231252 951
0.239848 952
0.232242 953
0.237512 954
0.231249 955
0.241483 956
0.235943 957
0.243328 958
0.236764 959
0.248223 960
0.247868 961
0.246524 962
0.238692 963
0.251047 964
0.242053 965
0.235761 966
0.243536 967
0.250233 968
0.249413 969
0.248251 970
0.262156 971
0.248510 972
0.253141 973
0.256751 974
0.254127 975
0.250963 976
0.266016 977
0.257250 978
0.260636 979
0.260860 980
0.262067 981
0.255879 982
0.263437 983
0.258988 984
0.261033 985
0.264610 986
0.262288 987
0.271429 988
0.266019 989
0.274551 990
0.270042 991
0.274019 992
0.267138 993
0.269324 994
0.279823 995
0.274775 996
0.280055 997
0.276830 998
0.278266 999
