0.000032  10
0.000010  11
0.000007  12
0.000008  13
0.000011  14
0.000010  15
0.000009  16
0.000011  17
0.000006  18
0.000007  19
0.000004  20
0.000007  21
0.000006  22
0.000005  23
0.000003  24
0.000003  25
0.000004  26
0.000005  27
0.000005  28
0.000004  29
0.000003  30
0.000004  31
0.000004  32
0.000003  33
0.000003  34
0.000003  35
0.000004  36
0.000003  37
0.000003  38
0.000004  39
0.000003  40
0.000004  41
0.000004  42
0.000003  43
0.000004  44
0.000004  45
0.000005  46
0.000005  47
0.000005  48
0.000004  49
0.000005  50
0.000005  51
0.000007  52
0.000006  53
0.000005  54
0.000005  55
0.000006  56
0.000006  57
0.000006  58
0.000006  59
0.000006  60
0.000006  61
0.000007  62
0.000006  63
0.000006  64
0.000007  65
0.000007  66
0.000007  67
0.000007  68
0.000007  69
0.000007  70
0.000008  71
0.000008  72
0.000008  73
0.000009  74
0.000008  75
0.000010  76
0.000010  77
0.000010  78
0.000009  79
0.000009  80
0.000009  81
0.000009  82
0.000017  83
0.000010  84
0.000010  85
0.000010  86
0.000010  87
0.000011  88
0.000011  89
0.000011  90
0.000011  91
0.000011  92
0.000012  93
0.000012  94
0.000012  95
0.000013  96
0.000013  97
0.000013  98
0.000013  99
0.000013 100
0.000013 101
0.000017 102
0.000015 103
0.000014 104
0.000015 105
0.000014 106
0.000015 107
0.000015 108
0.000020 109
0.000040 110
0.000017 111
0.000016 112
0.000016 113
0.000017 114
0.000016 115
0.000018 116
0.000017 117
0.000019 118
0.000018 119
0.000018 120
0.000019 121
0.000018 122
0.000031 123
0.000020 124
0.000020 125
0.000020 126
0.000021 127
0.000020 128
0.000021 129
0.000099 130
0.000022 131
0.000022 132
0.000022 133
0.000023 134
0.000023 135
0.000023 136
0.000025 137
0.000024 138
0.000024 139
0.000026 140
0.000028 141
0.000026 142
0.000026 143
0.000026 144
0.000026 145
0.000026 146
0.000032 147
0.000028 148
0.000028 149
0.000028 150
0.000028 151
0.000028 152
0.000029 153
0.000029 154
0.000034 155
0.000030 156
0.000030 157
0.000031 158
0.000032 159
0.000062 160
0.000036 161
0.000056 162
0.000033 163
0.000033 164
0.000033 165
0.000034 166
0.000040 167
0.000090 168
0.000036 169
0.000035 170
0.000036 171
0.000036 172
0.000036 173
0.000037 174
0.000038 175
0.000038 176
0.000038 177
0.000040 178
0.000044 179
0.000041 180
0.000040 181
0.000040 182
0.000041 183
0.000042 184
0.000042 185
0.000042 186
0.000042 187
0.000044 188
0.000057 189
0.000044 190
0.000051 191
0.000045 192
0.000045 193
0.000046 194
0.000047 195
0.000047 196
0.000048 197
0.000053 198
0.000048 199
0.000058 200
0.000049 201
0.000051 202
0.000050 203
0.000051 204
0.000051 205
0.000059 206
0.000052 207
0.000053 208
0.000221 209
0.000053 210
0.000053 211
0.000054 212
0.000059 213
0.000055 214
0.000056 215
0.000056 216
0.000059 217
0.000058 218
0.000058 219
0.000063 220
0.000059 221
0.000059 222
0.000060 223
0.000066 224
0.000061 225
0.000062 226
0.000072 227
0.000063 228
0.000071 229
0.000073 230
0.000065 231
0.000065 232
0.000070 233
0.000071 234
0.000066 235
0.000069 236
0.000068 237
0.000074 238
0.000070 239
0.000073 240
0.000070 241
0.000071 242
0.000070 243
0.000073 244
0.000082 245
0.000073 246
0.000079 247
0.000075 248
0.000074 249
0.000075 250
0.000076 251
0.000076 252
0.000084 253
0.000077 254
0.000081 255
0.000080 256
0.000080 257
0.000414 258
0.000081 259
0.000082 260
0.000081 261
0.000082 262
0.000097 263
0.000084 264
0.000085 265
0.000085 266
0.000090 267
0.000089 268
0.000088 269
0.000087 270
0.000100 271
0.000095 272
0.000089 273
0.000092 274
0.000095 275
0.000092 276
0.000092 277
0.000094 278
0.000095 279
0.000097 280
0.000095 281
0.000111 282
0.000096 283
0.000097 284
0.000097 285
0.000310 286
0.000099 287
0.000099 288
0.000108 289
0.000107 290
0.000101 291
0.000102 292
0.000103 293
0.000105 294
0.000105 295
0.000111 296
0.000122 297
0.000106 298
0.000122 299
0.000108 300
0.000109 301
0.000129 302
0.000109 303
0.000115 304
0.000145 305
0.000112 306
0.000112 307
0.000129 308
0.000114 309
0.000115 310
0.000118 311
0.000116 312
0.000117 313
0.000117 314
0.000120 315
0.000121 316
0.000120 317
0.000120 318
0.000131 319
0.000121 320
0.000126 321
0.000125 322
0.000124 323
0.000136 324
0.000126 325
0.000135 326
0.000138 327
0.000128 328
0.000134 329
0.000130 330
0.000163 331
0.000289 332
0.000133 333
0.000132 334
0.000136 335
0.000140 336
0.000137 337
0.000149 338
0.000154 339
0.000185 340
0.000139 341
0.000142 342
0.000150 343
0.000145 344
0.000144 345
0.000174 346
0.000143 347
0.000143 348
0.000144 349
0.000146 350
0.000147 351
0.000150 352
0.000150 353
0.000178 354
0.000154 355
0.000202 356
0.000161 357
0.000172 358
0.000175 359
0.000178 360
0.000157 361
0.000360 362
0.000157 363
0.000224 364
0.000160 365
0.000442 366
0.000161 367
0.000177 368
0.000186 369
0.000180 370
0.000175 371
0.000165 372
0.000174 373
0.000166 374
0.000170 375
0.000188 376
0.000173 377
0.000174 378
0.000174 379
0.000190 380
0.000185 381
0.000174 382
0.000178 383
0.000234 384
0.000177 385
0.000198 386
0.000209 387
0.000185 388
0.000217 389
0.000210 390
0.000198 391
0.000192 392
0.000231 393
0.000186 394
0.000197 395
0.000213 396
0.000227 397
0.000204 398
0.000201 399
0.000230 400
0.000193 401
0.000197 402
0.000213 403
0.000231 404
0.000200 405
0.000216 406
0.000204 407
0.000233 408
0.000200 409
0.000211 410
0.000226 411
0.000260 412
0.000207 413
0.000215 414
0.000208 415
0.000217 416
0.000243 417
0.000209 418
0.000214 419
0.000221 420
0.000221 421
0.000240 422
0.000226 423
0.000223 424
0.000217 425
0.000224 426
0.000243 427
0.000260 428
0.000262 429
0.000234 430
0.000231 431
0.000225 432
0.000227 433
0.000239 434
0.000901 435
0.000248 436
0.000306 437
0.000317 438
0.000244 439
0.000252 440
0.000249 441
0.000272 442
0.000262 443
0.000273 444
0.000318 445
0.000272 446
0.000320 447
0.000254 448
0.000259 449
0.000286 450
0.000327 451
0.000336 452
0.000285 453
0.000279 454
0.000672 455
0.000281 456
0.000275 457
0.000275 458
0.000268 459
0.000262 460
0.000268 461
0.000268 462
0.000269 463
0.000278 464
0.000275 465
0.000301 466
0.000353 467
0.000295 468
0.000278 469
0.000281 470
0.000281 471
0.000305 472
0.000279 473
0.000378 474
0.000301 475
0.000298 476
0.000290 477
0.000327 478
0.000310 479
0.000294 480
0.000311 481
0.000291 482
0.000322 483
0.000314 484
0.000316 485
0.000302 486
0.000340 487
0.000357 488
0.000311 489
0.000303 490
0.000343 491
0.000317 492
0.000307 493
0.000313 494
0.000332 495
0.000433 496
0.000304 497
0.000351 498
0.000326 499
0.000320 500
0.000360 501
0.000344 502
0.000314 503
0.000366 504
0.000334 505
0.000344 506
0.000335 507
0.000339 508
0.000358 509
0.000980 510
0.000322 511
0.000373 512
0.000351 513
0.000358 514
0.000352 515
0.001200 516
0.000359 517
0.000367 518
0.000348 519
0.000386 520
0.000362 521
0.000424 522
0.000348 523
0.000379 524
0.000349 525
0.000379 526
0.000364 527
0.000383 528
0.000351 529
0.000377 530
0.000347 531
0.000390 532
0.000371 533
0.000392 534
0.000355 535
0.000370 536
0.000370 537
0.000401 538
0.000358 539
0.000386 540
0.000364 541
0.000465 542
0.000392 543
0.000409 544
0.000376 545
0.000392 546
0.000378 547
0.000407 548
0.000385 549
0.000404 550
0.000390 551
0.000397 552
0.000376 553
0.000417 554
0.000390 555
0.000429 556
0.000696 557
0.000404 558
0.000397 559
0.000413 560
0.000434 561
0.000414 562
0.000482 563
0.000419 564
0.000477 565
0.000427 566
0.000482 567
0.000422 568
0.000579 569
0.000418 570
0.000436 571
0.000444 572
0.000424 573
0.000448 574
0.000446 575
0.000453 576
0.000431 577
0.000445 578
0.000454 579
0.000467 580
0.000439 581
0.000445 582
0.000457 583
0.000453 584
0.000466 585
0.000468 586
0.000472 587
0.000484 588
0.000511 589
0.000485 590
0.000480 591
0.000495 592
0.000478 593
0.000491 594
0.000481 595
0.000479 596
0.000480 597
0.000474 598
0.000486 599
0.000476 600
0.000466 601
0.000521 602
0.000519 603
0.000628 604
0.000500 605
0.000498 606
0.000479 607
0.000510 608
0.000502 609
0.000482 610
0.000520 611
0.000496 612
0.000492 613
0.000513 614
0.000496 615
0.000537 616
0.000528 617
0.000522 618
0.000522 619
0.000524 620
0.000506 621
0.000541 622
0.000496 623
0.000523 624
0.000548 625
0.000517 626
0.000537 627
0.000526 628
0.000542 629
0.000586 630
0.000527 631
0.000537 632
0.000538 633
0.000546 634
0.000574 635
0.000508 636
0.000561 637
0.000559 638
0.000528 639
0.000554 640
0.000604 641
0.000550 642
0.000595 643
0.000557 644
0.000545 645
0.000546 646
0.000569 647
0.000568 648
0.000574 649
0.000532 650
0.000598 651
0.000565 652
0.000558 653
0.000588 654
0.000574 655
0.000561 656
0.000587 657
0.000612 658
0.000584 659
0.000602 660
0.000595 661
0.000581 662
0.000604 663
0.000565 664
0.000589 665
0.000584 666
0.000594 667
0.000581 668
0.000602 669
0.000587 670
0.000590 671
0.000620 672
0.000594 673
0.000604 674
0.000614 675
0.000759 676
0.000593 677
0.000621 678
0.000649 679
0.000610 680
0.000618 681
0.000626 682
0.000605 683
0.000628 684
0.000614 685
0.000667 686
0.000636 687
0.000631 688
0.000633 689
0.000658 690
0.000648 691
0.000771 692
0.000707 693
0.000672 694
0.000647 695
0.000633 696
0.000636 697
0.000658 698
0.000672 699
0.000649 700
0.000665 701
0.000630 702
0.000640 703
0.000655 704
0.000660 705
0.000662 706
0.000699 707
0.000665 708
0.000681 709
0.000699 710
0.000653 711
0.000684 712
0.000686 713
0.000678 714
0.000683 715
0.000738 716
0.000699 717
0.000680 718
0.000673 719
0.000758 720
0.000693 721
0.000725 722
0.000716 723
0.000693 724
0.000693 725
0.000674 726
0.000703 727
0.000738 728
0.000708 729
0.000717 730
0.000718 731
0.000740 732
0.000720 733
0.000705 734
0.000742 735
0.000735 736
0.000756 737
0.000719 738
0.000723 739
0.000727 740
0.000708 741
0.000726 742
0.000735 743
0.000749 744
0.000751 745
0.000739 746
0.000778 747
0.000757 748
0.000758 749
0.000764 750
0.000757 751
0.000760 752
0.000752 753
0.000782 754
0.000753 755
0.000762 756
0.000772 757
0.000782 758
0.000770 759
0.000775 760
0.000784 761
0.000781 762
0.000786 763
0.000808 764
0.001245 765
0.000921 766
0.000793 767
0.000799 768
0.000780 769
0.000828 770
0.000802 771
0.000830 772
0.000816 773
0.000819 774
0.000809 775
0.000810 776
0.000814 777
0.000842 778
0.000821 779
0.000836 780
0.000831 781
0.000863 782
0.000848 783
0.000842 784
0.000856 785
0.000892 786
0.000837 787
0.000849 788
0.000866 789
0.000879 790
0.000837 791
0.000853 792
0.000854 793
0.000936 794
0.000851 795
0.000866 796
0.000907 797
0.000938 798
0.000886 799
0.000902 800
0.000886 801
0.000899 802
0.000875 803
0.000944 804
0.000897 805
0.000942 806
0.000893 807
0.000900 808
0.000900 809
0.000916 810
0.000896 811
0.000907 812
0.000948 813
0.000918 814
0.000903 815
0.000912 816
0.000926 817
0.000933 818
0.000929 819
0.000965 820
0.000939 821
0.000941 822
0.000932 823
0.000937 824
0.000946 825
0.000965 826
0.001004 827
0.000957 828
0.000967 829
0.000993 830
0.000949 831
0.000954 832
0.000958 833
0.000968 834
0.000975 835
0.001029 836
0.000989 837
0.000994 838
0.001004 839
0.001054 840
0.000983 841
0.000987 842
0.000949 843
0.000997 844
0.001002 845
0.001008 846
0.001022 847
0.001025 848
0.001052 849
0.001026 850
0.001057 851
0.001053 852
0.001126 853
0.001030 854
0.001070 855
0.001037 856
0.001070 857
0.000986 858
0.001036 859
0.001027 860
0.001038 861
0.001036 862
0.001133 863
0.001053 864
0.001051 865
0.001046 866
0.001082 867
0.001080 868
0.001067 869
0.001078 870
0.001060 871
0.001077 872
0.001073 873
0.001081 874
0.001080 875
0.001096 876
0.001067 877
0.001139 878
0.001099 879
0.001097 880
0.001109 881
0.001093 882
0.001087 883
0.001137 884
0.001110 885
0.001157 886
0.001119 887
0.001132 888
0.001111 889
0.001049 890
0.001155 891
0.001145 892
0.001137 893
0.001142 894
0.001159 895
0.001179 896
0.001138 897
0.001160 898
0.001153 899
0.001157 900
0.001167 901
0.001158 902
0.001165 903
0.001174 904
0.001161 905
0.001203 906
0.001166 907
0.001180 908
0.001214 909
0.001162 910
0.001095 911
0.001176 912
0.001192 913
0.001213 914
0.001198 915
0.001209 916
0.001207 917
0.001123 918
0.001192 919
0.001211 920
0.001196 921
0.001212 922
0.001249 923
0.001246 924
0.001229 925
0.001231 926
0.001238 927
0.001221 928
0.001231 929
0.001229 930
0.001220 931
0.001256 932
0.001145 933
0.001258 934
0.001249 935
0.001261 936
0.001291 937
0.001275 938
0.001277 939
0.001266 940
0.001257 941
0.001279 942
0.001262 943
0.001285 944
0.001271 945
0.001254 946
0.001311 947
0.001272 948
0.001310 949
0.001298 950
0.001294 951
0.001292 952
0.001327 953
0.001288 954
0.001302 955
0.001314 956
0.001376 957
0.001307 958
0.001314 959
0.001341 960
0.001316 961
0.001319 962
0.001364 963
0.001369 964
0.001358 965
0.001359 966
0.001361 967
0.001339 968
0.001323 969
0.001337 970
0.001242 971
0.001364 972
0.001366 973
0.001401 974
0.001389 975
0.001371 976
0.001370 977
0.001390 978
0.001402 979
0.001408 980
0.001364 981
0.001381 982
0.001453 983
0.001434 984
0.001391 985
0.001448 986
0.001390 987
0.001399 988
0.001397 989
0.001408 990
0.001394 991
0.001432 992
0.001490 993
0.001401 994
0.001410 995
0.001421 996
0.001397 997
0.001447 998
0.001476 999
